Model: fdk_nn_model, Date: 2019-08-15_09:33:02 
MSE: 0.00658778 
SSIM: 0.80058712 
MS-SSIM: 0.85744357 
PSNR: 21.93923187

