Model: pure_fdk_model, Date: 2019-08-15_09:43:32 
MSE: 0.02531039 
SSIM: 0.76575553 
MS-SSIM: 0.82122958 
PSNR: 16.04724693

