Model: unet_proposed_reconstruction_model, Date: 2019-08-15_09:38:27 
MSE: 0.00398914 
SSIM: 0.82817405 
MS-SSIM: 0.87107015 
PSNR: 24.52315712

